(1 1121 7568 1042 7545 )
(1 1042 7545 0982 7530 )
(2 0982 7530 0979 7601 )
(1 1106 7568 0979 7601 )
(2 1522 7879 1455 7920 )
(1 1369 5040 1309 5130 )
(1 1309 5130 1256 5044 )
(1 1384 5051 1256 5044 )
(2 2351 5288 1987 5224 )
(1 0937 7883 0862 7860 )
(2 1009 10500 1046 10500 )
(1 1054 10256 1046 10500 )
(2 1054 10256 1024 10256 )
(1 1027 10117 1024 10256 )
(2 1024 10256 1012 10256 )
(2 1009 10500 1012 10256 )
(1 1054 10256 1031 10110 )
(1 1031 10110 1009 9679 )
(1 1027 10117 1005 9683 )
(1 1020 9574 1005 9683 )
(1 1020 9574 1073 9480 )
(1 1005 9683 1073 9480 )
(2 1020 9574 1073 9574 )
(1 1009 9679 1073 9574 )
(1 1009 9679 1084 9409 )
(1 1073 9574 1084 9409 )
(1 1084 9409 1087 8996 )
(1 1087 8996 1091 8820 )
(1 1087 8996 1117 8812 )
(1 1073 9480 1091 8790 )
(1 1091 8790 1073 8730 )
(1 1091 8820 1080 8561 )
(1 1129 8640 1080 8561 )
(1 1091 8790 1087 8678 )
(1 1073 8730 1087 8678 )
(1 1091 8820 1084 8520 )
(1 1084 8520 0982 8396 )
(1 1001 8171 0997 7961 )
(1 2805 8899 2704 8854 )
(1 2805 8899 2895 8981 )
(1 2704 8854 2895 8981 )
(2 2805 8899 2786 8933 )
(1 2884 8977 2786 8933 )
(1 2884 8977 2708 8865 )
(1 2786 8933 2708 8865 )
(1 2708 8865 2584 8812 )
(1 2584 8812 2265 8861 )
(1 2355 8884 2265 8861 )
(1 2584 8812 2441 8842 )
(2 2355 8884 2381 8869 )
(1 2441 8842 2381 8869 )
(2 2381 8869 2351 8828 )
(1 2197 8966 2220 8797 )
(1 2351 8828 2220 8797 )
(1 2704 8854 2576 8805 )
(2 2441 8842 2445 8805 )
(1 2351 8828 2445 8805 )
(1 2576 8805 2445 8805 )
(1 2220 8797 2179 8595 )
(1 2576 8805 2179 8595 )
(1 2265 8861 2212 8816 )
(1 2197 8966 2197 8955 )
(1 2212 8816 2197 8955 )
(1 2212 8816 2224 8426 )
(1 2224 8426 2197 8479 )
(1 2224 8426 2100 8258 )
(1 2179 8595 2092 8231 )
(1 2092 8231 2077 8197 )
(1 2100 8258 2036 8126 )
(1 2040 8175 2036 8126 )
(1 2040 8175 2062 8164 )
(1 2077 8197 2062 8164 )
(1 2100 8258 2059 8209 )
(1 2077 8197 2059 8209 )
(1 2040 8175 2059 8209 )
(1 2092 8231 2044 8134 )
(1 2062 8164 2044 8134 )
(1 2036 8126 1961 7950 )
(1 1961 7950 1890 7894 )
(1 1961 7950 1890 7867 )
(1 1890 7867 1864 7838 )
(1 1837 7793 1830 7830 )
(1 1995 7579 1961 7582 )
(2 1961 7582 1961 7628 )
(1 2014 7579 1961 7628 )
(1 2044 8134 1939 7916 )
(2 1890 7894 1920 7879 )
(1 1939 7916 1920 7879 )
(1 1920 7879 1879 7804 )
(1 1879 7804 1789 7856 )
(1 1830 7830 1789 7856 )
(1 1879 7804 1867 7789 )
(1 1830 7830 1890 7811 )
(1 1867 7789 1931 7808 )
(1 1890 7811 1931 7808 )
(1 1890 7811 1961 7800 )
(1 1931 7808 2025 7822 )
(1 1961 7800 2025 7822 )
(1 1837 7793 1785 7691 )
(1 1785 7691 1781 7669 )
(2 1961 7800 1961 7826 )
(1 1961 7826 1890 7815 )
(1 1961 7826 2047 7834 )
(1 1890 7815 2047 7834 )
(1 1729 7594 1702 7598 )
(1 1781 7669 1702 7616 )
(1 1920 7500 1702 7616 )
(1 1729 7594 1886 7556 )
(1 1920 7500 1856 7620 )
(1 1785 7691 1796 7654 )
(1 1856 7620 1826 7710 )
(1 1939 7916 1826 7710 )
(1 1729 7594 1957 7601 )
(1 1995 7579 1957 7601 )
(1 1864 7838 1849 7811 )
(1 1837 7793 1849 7811 )
(1 1796 7654 1849 7811 )
(1 1886 7556 1920 7492 )
(1 1856 7620 1721 7763 )
(1 1890 7894 1867 7860 )
(1 1864 7838 1867 7860 )
(1 1890 7815 1867 7822 )
(1 1789 7856 1867 7822 )
(1 1867 7860 1867 7822 )
(1 1121 7568 1354 7624 )
(1 1417 7575 1354 7624 )
(1 1436 7335 1421 7545 )
(1 1451 7571 1440 7496 )
(1 1436 7335 1492 7598 )
(1 1451 7571 1492 7598 )
(1 1451 7571 1571 7590 )
(1 1729 7594 1571 7590 )
(1 1500 7605 1444 7613 )
(1 1421 7545 1421 7646 )
(1 1421 7545 1395 7639 )
(1 1444 7613 1297 7631 )
(1 1395 7639 1297 7631 )
(1 1106 7568 1297 7631 )
(1 1417 7575 1417 7271 )
(1 1500 7605 1417 7271 )
(1 1417 7271 1309 6859 )
(1 1309 6859 1294 6934 )
(1 1436 7335 1312 6855 )
(1 1324 6934 1312 6855 )
(1 1324 6934 1324 6739 )
(1 1324 6739 1312 6803 )
(1 1312 6855 1312 6803 )
(1 1309 6859 1309 6829 )
(1 1294 6934 1297 6742 )
(1 1309 6829 1297 6742 )
(1 1309 6829 1309 6529 )
(1 1309 6529 1297 6623 )
(1 1312 6803 1316 6536 )
(1 1327 6619 1316 6536 )
(1 1309 6529 1312 6173 )
(1 1312 6173 1301 6067 )
(1 1331 6053 1320 6143 )
(1 1316 6536 1320 6143 )
(1 1312 6173 1316 5895 )
(1 1316 5895 1301 5996 )
(1 1320 6143 1320 5929 )
(1 1331 5993 1320 5929 )
(1 1339 5482 1320 5318 )
(2 1339 5482 1297 5486 )
(1 1316 5321 1297 5486 )
(1 1316 5895 1316 5610 )
(1 1316 5321 1316 5610 )
(1 1297 5486 1316 5610 )
(1 1339 5482 1320 5569 )
(1 1320 5318 1320 5569 )
(1 1320 5929 1320 5569 )
(1 1256 5044 1095 5033 )
(1 1095 5033 0997 5048 )
(1 1320 5318 1320 5220 )
(1 1316 5321 1316 5243 )
(1 1309 5130 1316 5243 )
(1 1316 5243 1301 5171 )
(1 1369 5040 1279 5033 )
(1 1042 7545 0990 7549 )
(1 0990 7549 0960 7586 )
(2 0982 7530 0982 7504 )
(1 0960 7586 0982 7504 )
(1 1106 7568 0930 7549 )
(1 0990 7549 0926 7526 )
(1 1106 7568 0990 7845 )
(1 0997 7961 0990 7845 )
(1 1121 7568 0982 7856 )
(1 0937 7883 1020 7931 )
(1 0997 7961 0997 8119 )
(1 1020 7931 0997 8119 )
(1 1080 8561 0997 8119 )
(1 1890 7867 1680 7605 )
(1 1710 7613 1680 7605 )
(1 1500 7605 1680 7605 )
(1 2014 7579 1920 7616 )
(1 1710 7613 1920 7616 )
(1 1492 7598 1571 7598 )
(1 1702 7598 1571 7598 )
(1 1354 7624 1526 7590 )
(1 1571 7590 1526 7590 )
(1 1571 7598 1526 7590 )
(1 1702 7616 1672 7616 )
(1 1710 7613 1672 7616 )
(1 1672 7616 1519 7613 )
(1 1444 7613 1519 7613 )
(2 1144 7939 1136 7954 )
(1 1136 7954 1106 7946 )
(1 1106 7946 1057 7924 )
(1 1144 7939 1110 7920 )
(1 1110 7920 1061 7920 )
(1 0862 7860 0754 7770 )
(1 0735 7766 0814 7845 )
(1 1020 7931 1012 7901 )
(1 0990 7845 1012 7909 )
(1 1012 7901 1012 7909 )
(1 1087 8678 0967 8269 )
(1 0979 8183 0967 8269 )
(1 0967 8269 0982 8179 )
(1 0982 7856 0982 8179 )
(1 0979 8183 0986 7954 )
(1 0960 7931 0986 7954 )
(1 0986 7954 0975 7883 )
(1 1384 5051 1425 5051 )
(1 1425 5051 1571 5051 )
(1 1369 5040 1444 5048 )
(1 1444 5048 1541 5048 )
(1 1444 5048 1492 5036 )
(1 1541 5048 1492 5036 )
(2 1492 5036 1492 5062 )
(1 1571 5051 1492 5062 )
(1 1425 5051 1492 5062 )
(1 1279 5033 1099 5029 )
(1 0922 5018 0979 5029 )
(1 1099 5029 0979 5029 )
(1 1095 5033 0922 5036 )
(1 0922 5036 0844 5036 )
(1 0844 5036 0769 5036 )
(1 0844 5036 0817 5051 )
(1 0922 5018 0769 5033 )
(1 2370 7556 2329 7545 )
(1 2370 7556 2535 7650 )
(1 2644 7643 2535 7650 )
(1 2929 7418 2603 7665 )
(1 2603 7665 2524 7650 )
(1 2535 7650 2557 7718 )
(1 2603 7665 2557 7718 )
(1 2524 7650 2385 7564 )
(2 2329 7545 2287 7568 )
(1 2385 7564 2287 7568 )
(1 2329 7545 2231 7541 )
(1 1995 7579 2175 7549 )
(1 2370 7556 2175 7549 )
(1 2231 7541 2175 7549 )
(1 2385 7564 2152 7553 )
(1 2014 7579 2152 7553 )
(2 2231 7541 2231 7568 )
(1 2287 7568 2231 7568 )
(1 2152 7553 2231 7568 )
(2 2351 5288 2576 5291 )
(2 1987 5224 1901 5194 )
(1 1571 5051 1901 5194 )
(1 1541 5048 1830 5123 )
(1 1901 5194 1830 5123 )
(1 1860 5119 1830 5123 )
(2 1987 5224 1987 5179 )
(2 1995 5062 1987 5179 )
(1 0769 5033 0570 5040 )
(1 0570 5040 0424 5040 )
(1 0769 5036 0570 5044 )
(1 0570 5044 0431 5044 )
(1 0424 5040 0506 5025 )
(1 0570 5040 0506 5025 )
(2 0506 5025 0506 5051 )
(1 0570 5044 0506 5051 )
(1 0431 5044 0506 5051 )
(1 0424 5040 0341 5040 )
(1 0341 5040 0259 5029 )
(1 0431 5044 0315 5044 )
(2 0259 5029 0259 5051 )
(1 0315 5044 0259 5051 )
(2 1987 5224 1987 5272 )
(2 1987 5272 1976 5670 )
(2 1920 7492 1927 7492 )
(1 1920 7500 1927 7492 )
(2 1980 7406 1954 7447 )
(1 1920 7492 1954 7447 )
(1 1927 7492 1954 7447 )
(1 2025 7822 2201 7867 )
(1 2201 7867 2190 7834 )
(1 2212 7957 2190 7867 )
(1 2047 7834 2190 7867 )
(1 2201 7867 2272 7875 )
(1 2190 7867 2272 7875 )
(2 2272 7875 2291 7875 )
(2 2449 7879 2291 7875 )
(1 1421 7646 1432 7751 )
(1 0735 7766 0562 7732 )
(1 0754 7770 0585 7725 )
(1 0585 7725 0405 7732 )
(1 0562 7732 0394 7740 )
(1 0562 7732 0476 7755 )
(1 0394 7740 0476 7755 )
(2 0476 7755 0461 7721 )
(1 0405 7732 0461 7721 )
(1 0585 7725 0461 7721 )
(2 0982 7504 0982 7492 )
(2 0982 7492 0904 7492 )
(2 1440 7496 1350 7492 )
(2 1350 7492 1297 7492 )
(2 0904 7492 0911 7508 )
(1 0930 7549 0911 7508 )
(1 0926 7526 0911 7508 )
(2 0979 7601 0979 7643 )
(1 0926 7526 0979 7643 )
(2 1530 7620 1530 7658 )
(2 1530 7658 1530 7680 )
(2 1530 7680 1530 7706 )
(2 1324 7999 1279 7920 )
(2 1279 7920 1241 7864 )
(2 1699 7706 1639 7706 )
(2 1530 7706 1594 7706 )
(2 1639 7706 1594 7706 )
(2 1432 7751 1380 7785 )
(2 1241 7864 1309 7826 )
(2 1380 7785 1309 7826 )
(2 1241 7864 1211 7894 )
(2 1211 7894 1192 7924 )
(2 1350 7492 1350 7388 )
(2 1350 7388 1350 7249 )
(2 0904 7492 0735 7492 )
(2 0735 7492 0581 7492 )
(2 2977 7024 2865 7020 )
(2 2865 7020 2745 7020 )
(2 2603 7579 2603 7579 )
(2 2603 7579 2520 7511 )
(2 2603 7579 2610 7748 )
(2 2659 7834 2610 7748 )
(2 2449 7879 2565 7886 )
(2 2659 7834 2565 7886 )
(2 2449 7879 2449 7950 )
(2 2565 7886 2449 7950 )
(1 2449 7950 2400 8021 )
(1 2400 8021 2272 8093 )
(2 2212 7957 2254 8055 )
(2 2272 8093 2254 8055 )
(1 2254 8055 2216 8074 )
(1 2254 8055 2325 8018 )
(1 2449 7950 2325 8018 )
(2 2520 7511 2134 7755 )
(2 2134 7755 2062 7755 )
(2 2062 7755 2040 7755 )
(2 2040 7755 1999 7755 )
(2 1999 7755 1972 7755 )
(1 2272 8093 2179 8145 )
(1 2179 8145 2100 8183 )
(1 2077 8197 2100 8183 )
(2 2100 8183 2081 8152 )
(1 2062 8164 2081 8152 )
(1 2216 8074 2081 8152 )
(2 2081 8152 1999 7867 )
(2 1920 7879 1950 7860 )
(2 1961 7826 1950 7860 )
(2 1999 7867 1950 7860 )
(2 1972 7755 1961 7763 )
(2 1766 7845 1759 7830 )
(1 1920 7616 1759 7830 )
(2 1789 7856 1777 7864 )
(2 1766 7845 1777 7864 )
(2 1890 7894 1819 7935 )
(2 1777 7864 1819 7935 )
(2 1819 7935 1725 7988 )
(2 1725 7988 1684 7920 )
(2 1777 7864 1740 7905 )
(2 1684 7920 1740 7905 )
(2 1684 7920 1672 7905 )
(2 1672 7905 1665 7890 )
(2 1721 7763 1740 7800 )
(2 1759 7830 1740 7800 )
(1 1957 7601 1740 7800 )
(2 1759 7830 1699 7830 )
(2 1665 7890 1699 7830 )
(2 1665 7890 1642 7856 )
(2 1740 7800 1642 7856 )
(2 1684 7920 1646 7943 )
(2 1665 7890 1631 7912 )
(2 1646 7943 1631 7912 )
(2 1642 7856 1609 7875 )
(2 1631 7912 1609 7875 )
(2 1609 7875 1590 7841 )
(2 1631 7912 1594 7931 )
(2 1594 7931 1564 7950 )
(2 1642 7856 1624 7822 )
(2 1590 7841 1624 7822 )
(2 1725 7988 1687 8010 )
(2 1646 7943 1665 7969 )
(2 1687 8010 1665 7969 )
(2 1687 8010 1654 8029 )
(2 1654 8029 1624 8047 )
(2 1624 8047 1556 8085 )
(2 1624 8047 1597 8006 )
(2 1564 7950 1582 7980 )
(2 1597 8006 1582 7980 )
(2 1646 7943 1612 7961 )
(2 1582 7980 1612 7961 )
(2 1582 7980 1515 8018 )
(2 1564 7950 1496 7988 )
(2 1515 8018 1496 7988 )
(2 1522 7879 1545 7912 )
(2 1564 7950 1545 7912 )
(2 1522 7879 1552 7864 )
(2 1590 7841 1552 7864 )
(2 1556 8085 1496 8123 )
(2 1496 8123 1436 8156 )
(2 1515 8018 1444 8059 )
(2 1444 8059 1376 8100 )
(2 1455 7920 1384 7961 )
(2 1324 7999 1384 7961 )
(2 1455 7920 1417 7856 )
(2 1380 7785 1417 7856 )
(2 1436 8156 1406 8126 )
(2 1376 8100 1406 8126 )
(2 1376 8100 1361 8085 )
(2 1496 7988 1350 8074 )
(2 1361 8085 1350 8074 )
(2 1350 8074 1324 8044 )
(2 1721 7763 1669 7793 )
(2 1624 7822 1669 7793 )
(2 1721 7763 1699 7729 )
(2 1699 7706 1699 7729 )
(2 1594 7706 1582 7755 )
(2 1624 7822 1582 7755 )
(2 1530 7706 1556 7785 )
(2 1590 7841 1556 7785 )
(2 1920 7492 1841 7500 )
(2 1841 7500 1702 7496 )
(2 1702 7496 1597 7496 )
(2 1189 7631 1189 7661 )
(2 1189 7631 1192 7545 )
(2 1297 7492 1185 7492 )
(2 1192 7545 1185 7492 )
(2 0904 7492 0772 7245 )
(2 0772 7245 0874 7245 )
(2 0874 7245 0982 7249 )
(2 0982 7249 0982 7125 )
(2 0986 7005 0982 7125 )
(2 1185 7005 1185 7129 )
(2 1185 7129 1185 7249 )
(2 1350 7249 1294 7249 )
(2 1185 7249 1294 7249 )
(2 1350 7249 1504 7253 )
(2 1504 7253 1534 7253 )
(2 2520 7511 2456 7508 )
(2 2329 7545 2392 7508 )
(2 2456 7508 2392 7508 )
(2 2231 7541 2272 7504 )
(2 2392 7508 2272 7504 )
(2 2272 7504 2036 7500 )
(2 1927 7492 2014 7500 )
(2 1980 7406 2014 7500 )
(2 2036 7500 2014 7500 )
(2 1961 7582 2014 7526 )
(2 2036 7500 2014 7526 )
(2 2014 7500 2014 7526 )
(2 2036 7500 2096 7380 )
(2 2272 7504 2272 7260 )
(2 2096 7380 2272 7260 )
(2 1980 7406 1965 7260 )
(2 1965 7260 1845 7256 )
(2 2456 7508 2456 7271 )
(2 2456 7271 2460 7016 )
(2 2272 7260 2284 7013 )
(2 2745 7020 2745 6791 )
(2 2745 6791 2749 6540 )
(2 2749 6540 2644 6536 )
(2 2644 6536 2542 6533 )
(2 2749 6540 2749 6416 )
(2 2749 6416 2749 6293 )
(2 2749 6293 3052 6296 )
(2 3052 6296 3041 6544 )
(2 2542 6533 2603 6413 )
(2 2749 6293 2670 6289 )
(2 2603 6413 2670 6289 )
(2 2670 6289 2550 6289 )
(2 2550 6289 2486 6416 )
(2 2542 6533 2426 6533 )
(2 2486 6416 2426 6533 )
(2 2460 7016 2460 6795 )
(2 2542 6533 2460 6686 )
(2 2460 6795 2460 6686 )
(2 2426 6533 2344 6701 )
(2 2344 6701 2336 6716 )
(2 2284 7013 2441 6720 )
(2 2460 6686 2441 6720 )
(2 2336 6716 2441 6720 )
(2 2336 6716 2257 6870 )
(2 2284 7013 2186 7013 )
(2 2257 6870 2186 7013 )
(2 2336 6716 2149 6716 )
(2 2149 6716 1969 6716 )
(2 1969 6716 1849 6713 )
(2 1849 6713 1849 6866 )
(2 1849 6866 1845 7013 )
(2 1845 7013 1969 7013 )
(2 1972 6529 1849 6529 )
(2 1601 6855 1597 7009 )
(2 1601 6855 1601 6709 )
(2 1976 6281 1852 6285 )
(2 1597 7009 1597 7129 )
(2 1534 7253 1597 7253 )
(2 1597 7129 1597 7253 )
(2 1534 7253 1537 7129 )
(2 1597 7129 1537 7129 )
(2 1597 7009 1537 7009 )
(2 1537 7129 1537 7009 )
(2 1537 7009 1541 6863 )
(2 1601 6709 1541 6709 )
(2 1541 6863 1541 6709 )
(2 1234 6705 1234 6833 )
(2 1185 7005 1230 7005 )
(2 1234 6833 1230 7005 )
(2 0772 7245 0739 7121 )
(2 0739 7121 0742 7001 )
(2 0986 7005 0986 6863 )
(2 0986 6863 0986 6705 )
(2 0986 7005 1091 7005 )
(2 1185 7005 1091 7005 )
(2 0742 7001 0742 6848 )
(2 0742 6848 0739 6701 )
(2 0986 6705 0862 6701 )
(2 0739 6701 0862 6701 )
(2 0739 6701 0671 6638 )
(2 0671 6638 0390 6319 )
(2 0390 6319 0251 6146 )
(2 0000 6728 0000 6379 )
(2 0000 6379 0004 6120 )
(2 0000 6728 0191 6960 )
(2 0191 6960 0262 6998 )
(2 0262 6998 0075 6998 )
(2 0075 6998 0000 6998 )
(2 0742 7001 0652 7001 )
(2 0262 6998 0652 7001 )
(2 0251 6146 0161 6146 )
(2 0004 6120 0161 6146 )
(2 1976 6281 1976 6038 )
(2 1976 5670 1976 5918 )
(2 1976 6038 1976 5918 )
(2 1976 6038 1856 6038 )
(2 1856 6038 1856 5940 )
(2 1976 5918 1856 5857 )
(2 1856 5940 1856 5857 )
(2 2670 6289 2715 6169 )
(2 2764 6045 2715 6169 )
(2 3052 6296 2992 6180 )
(2 2992 6180 2962 6022 )
(2 2764 6045 2857 6045 )
(2 2962 6022 2857 6045 )
(2 2764 6045 2674 6045 )
(2 2756 5936 2674 6045 )
(2 2756 5936 2572 5936 )
(2 2674 6045 2569 6045 )
(2 2572 5936 2569 6045 )
(2 2550 6289 2580 6229 )
(2 2674 6045 2580 6229 )
(2 2569 6045 2569 6135 )
(2 2580 6229 2569 6135 )
(2 1976 5918 2347 5933 )
(2 2572 5936 2347 5933 )
(2 2347 5933 2347 6041 )
(2 2347 5933 2347 5700 )
(2 2351 5288 2347 5554 )
(2 2347 5700 2347 5554 )
(2 2756 5936 2977 5681 )
(2 3045 5561 2977 5681 )
(2 1301 5171 1241 5171 )
(2 1241 5171 1241 5288 )
(2 1241 5288 1241 5411 )
(2 1297 5486 1241 5498 )
(2 1241 5411 1241 5498 )
(2 1492 5062 1492 5171 )
(2 1519 5351 1492 5171 )
(2 1339 5482 1500 5498 )
(2 1519 5351 1500 5498 )
(2 1241 5498 1237 5794 )
(2 1241 5498 1136 5520 )
(2 1136 5520 0994 5535 )
(2 0994 5535 0994 5779 )
(2 1237 5794 1144 5794 )
(2 0994 5779 1144 5794 )
(2 1500 5498 1500 5543 )
(2 1500 5543 1612 5543 )
(2 1612 5543 1612 5651 )
(2 1612 5651 1609 5753 )
(2 1856 5857 1744 5828 )
(2 1609 5753 1744 5828 )
(2 1500 5543 1489 5786 )
(2 1609 5753 1489 5786 )
(2 1976 5670 1856 5546 )
(2 1612 5543 1687 5543 )
(2 1856 5546 1687 5543 )
(2 1856 5857 1856 5693 )
(2 1856 5546 1856 5693 )
(2 0994 5535 0746 5535 )
(2 0746 5535 0499 5535 )
(2 0994 5779 0870 5779 )
(2 0870 5779 0499 5779 )
(2 0484 8164 0484 8224 )
(2 0484 8164 0487 8100 )
(2 0487 8100 0367 8096 )
(2 0484 8224 0484 8351 )
(2 0484 8351 0484 8468 )
(2 0484 8468 0484 8591 )
(2 0484 8591 0480 8715 )
(2 0484 8468 0352 8468 )
(2 0480 8715 0356 8715 )
(2 0484 8468 0660 8468 )
(2 0660 8468 0787 8486 )
(2 0787 8486 0821 8486 )
(2 1324 7999 1294 8018 )
(2 1324 8044 1294 8018 )
(2 1192 7924 1219 7943 )
(2 1294 8018 1219 7943 )
(2 1129 8640 1132 8490 )
(2 1185 8490 1132 8490 )
(2 1185 8490 1417 8569 )
(2 1417 8569 1485 8602 )
(2 1117 8812 1117 8730 )
(2 1073 8730 1117 8730 )
(2 1129 8640 1117 8730 )
(2 1181 8730 1117 8730 )
(2 1181 8730 1384 8719 )
(2 1384 8719 1425 8719 )
(2 0787 8486 0787 8617 )
(2 0787 8617 0784 8730 )
(2 0784 8730 0746 8730 )
(2 1485 8602 1451 8666 )
(2 1425 8719 1451 8666 )
(2 1485 8602 1594 8471 )
(2 1594 8471 1665 8321 )
(2 1425 8719 1489 8719 )
(2 1489 8719 1556 8719 )
(2 1485 8602 1586 8655 )
(2 1556 8719 1586 8655 )
(2 1556 8719 1567 8719 )
(2 1665 8321 1736 8355 )
(2 1586 8655 1657 8516 )
(2 1736 8355 1657 8516 )
(2 1736 8355 1774 8318 )
(2 1736 8355 1815 8396 )
(2 1567 8719 1759 8723 )
(2 1954 8723 1759 8723 )
(2 1665 8321 1597 8287 )
(2 1436 8156 1459 8183 )
(2 1597 8287 1459 8183 )
(2 1556 8085 1571 8111 )
(2 1774 8318 1571 8111 )
(2 1774 8318 1792 8351 )
(2 1815 8396 1792 8351 )
(2 0281 8902 0225 9214 )
(2 0480 8715 0480 8891 )
(2 0480 8715 0619 8715 )
(2 0746 8730 0619 8715 )
(2 0784 8730 0784 8981 )
(2 0784 8981 0784 9210 )
(2 0746 8730 0578 8756 )
(2 0480 8891 0578 8756 )
(2 0480 8891 0480 9075 )
(2 0480 9075 0476 9210 )
(2 0784 9210 0630 9210 )
(2 0476 9210 0630 9210 )
(2 0225 9214 0364 9210 )
(2 0476 9210 0364 9210 )
(2 0225 9214 0210 9236 )
(2 1567 8719 1567 8977 )
(2 1567 8977 1564 9214 )
(2 1425 8719 1361 8966 )
(2 1361 8966 1357 9210 )
(2 1564 9214 1455 9210 )
(2 1357 9210 1455 9210 )
(2 1564 9214 1545 9701 )
(2 1357 9210 1320 9518 )
(2 1320 9518 1260 9697 )
(2 0784 9210 0780 9398 )
(2 0780 9398 0780 9578 )
(2 0780 9578 0780 9697 )
(2 0780 9697 0776 9832 )
(2 0210 9236 0199 9574 )
(2 0476 9210 0476 9412 )
(2 0476 9412 0472 9574 )
(2 0199 9574 0326 9574 )
(2 0472 9574 0326 9574 )
(2 0780 9578 0622 9578 )
(2 0472 9574 0622 9578 )
(2 0199 9574 0199 9697 )
(2 0199 9697 0195 9821 )
(2 0472 9574 0469 9697 )
(2 0195 9821 0469 9825 )
(2 0469 9697 0469 9825 )
(2 0776 9832 0619 9825 )
(2 0469 9825 0619 9825 )
(2 0195 9821 0188 9994 )
(2 0188 9994 0405 10005 )
(2 0405 10005 0202 10252 )
(2 0776 9832 0772 9964 )
(2 0772 9964 0694 9964 )
(2 0694 9964 0690 10252 )
(2 1545 9701 1552 9821 )
(2 1552 9821 1567 9971 )
(2 1260 9697 1350 9701 )
(2 1260 9697 1114 9877 )
(2 1260 9697 1252 9967 )
(2 1114 9877 1252 9967 )
(2 0690 10252 0690 10369 )
(2 0690 10369 0690 10500 )
(2 1567 9971 1759 9975 )
(2 1939 9979 1759 9975 )
(2 1939 9979 2434 9986 )
(2 1545 9701 1942 9637 )
(2 1939 9979 1942 9709 )
(2 1942 9637 1942 9709 )
(2 1564 9214 1755 9214 )
(2 1946 9217 1755 9214 )
(2 1946 9217 2194 9221 )
(2 1942 9637 1946 9341 )
(2 1946 9217 1946 9341 )
(2 1942 9637 2190 9581 )
(2 2194 9221 2190 9581 )
(2 2190 9581 2441 9420 )
(2 2434 9986 2438 9716 )
(2 2441 9420 2438 9716 )
(2 1954 8723 1946 8974 )
(2 1946 9217 1946 8974 )
(2 2381 8869 2445 8959 )
(2 2441 9225 2445 8959 )
(2 1815 8396 1864 8482 )
(2 1954 8723 1864 8482 )
(2 1815 8396 1871 8422 )
(2 1864 8482 1927 8453 )
(2 1871 8422 1927 8453 )
(2 2100 8183 2134 8246 )
(2 2134 8246 2175 8318 )
(2 2272 8093 2306 8152 )
(2 2306 8152 2347 8224 )
(2 2175 8318 2250 8276 )
(2 2347 8224 2250 8276 )
(2 2347 8224 2362 8276 )
(2 2362 8276 2362 8363 )
(2 2362 8363 2452 8363 )
(2 2452 8363 2599 8366 )
(2 2599 8366 2857 8370 )
(2 2850 8494 2591 8486 )
(2 2591 8486 2452 8482 )
(2 2452 8482 2449 8614 )
(2 2445 8805 2445 8730 )
(2 2449 8614 2445 8730 )
(2 2445 8730 2321 8726 )
(2 2351 8828 2257 8726 )
(2 2321 8726 2257 8726 )
(2 2445 8730 2666 8741 )
(2 2805 8899 2812 8801 )
(2 2666 8741 2812 8801 )
(2 2850 8494 2816 8655 )
(2 2812 8801 2816 8655 )
(1 1796 7654 1826 7624 )
(1 1699 7729 1826 7624 )
(1 1886 7556 1826 7624 )
(2 0004 6120 0004 5951 )
(2 0007 5779 0004 5951 )
(2 0007 5779 0131 5779 )
(2 0499 5779 0255 5779 )
(2 0131 5779 0255 5779 )
(2 0251 6146 0255 5963 )
(2 0255 5779 0255 5963 )
(2 0499 5535 0499 5708 )
(2 0499 5779 0499 5708 )
(2 1976 6281 2149 6285 )
(2 2149 6285 2344 6285 )
(2 2344 6285 2344 6397 )
(2 2426 6533 2344 6533 )
(2 2344 6397 2344 6533 )
(2 1972 6529 2152 6529 )
(2 2344 6533 2152 6529 )
(2 1234 6705 1237 6645 )
(2 1237 6645 1237 6525 )
(2 1237 6525 1237 6446 )
(2 1237 6277 1237 6446 )
(2 1237 6525 1301 6525 )
(1 1297 6623 1301 6525 )
(2 1301 6525 1327 6525 )
(2 1429 6525 1327 6525 )
(1 1327 6619 1327 6525 )
(2 1429 6525 1545 6525 )
(2 1545 6525 1545 6281 )
(2 1545 6525 1541 6611 )
(2 1541 6709 1541 6649 )
(2 1541 6611 1541 6649 )
(2 1849 6713 1729 6713 )
(2 1601 6709 1729 6713 )
(2 1545 6525 1605 6525 )
(2 1601 6709 1605 6649 )
(2 1541 6649 1605 6649 )
(2 1605 6525 1605 6649 )
(2 1849 6529 1740 6529 )
(2 1605 6525 1740 6529 )
(2 1852 6285 1729 6285 )
(2 1545 6281 1609 6281 )
(2 1729 6285 1609 6281 )
(2 0862 6701 0862 6518 )
(2 0862 6518 0862 6394 )
(2 0862 6394 0862 6270 )
(2 0862 6270 0986 6274 )
(2 0986 6274 0986 6397 )
(2 0862 6518 0990 6521 )
(2 0986 6397 0990 6521 )
(2 0986 6705 0986 6641 )
(2 1237 6645 0986 6641 )
(2 0990 6521 0986 6641 )
(2 0862 6270 0862 6026 )
(2 0862 6026 0990 6026 )
(2 0994 5779 0990 5906 )
(2 0990 6026 0990 5906 )
(2 0986 6274 0990 6150 )
(2 0990 6026 0990 6150 )
(2 0990 6026 1136 6030 )
(2 1237 6030 1136 6030 )
(2 1237 6277 1117 6274 )
(2 0986 6274 1117 6274 )
(2 1237 5794 1237 5846 )
(2 1237 6030 1237 5846 )
(2 1545 6038 1489 6034 )
(2 1609 5753 1609 5903 )
(2 1545 6038 1609 6038 )
(2 1609 5903 1609 6038 )
(2 1856 6038 1740 6038 )
(2 1609 6038 1740 6038 )
(2 1965 7260 2062 7260 )
(2 2186 7013 2119 7148 )
(2 2062 7260 2119 7148 )
(2 2186 7013 2085 7013 )
(2 1969 7013 2085 7013 )
(2 2460 7016 2362 7016 )
(2 2284 7013 2362 7016 )
(2 1852 6285 1852 6154 )
(2 1856 6038 1852 6154 )
(2 1849 6529 1849 6413 )
(2 1852 6285 1849 6413 )
(2 2569 6045 2467 6041 )
(2 2347 6041 2467 6041 )
(2 2550 6289 2456 6289 )
(2 2344 6285 2456 6289 )
(2 2749 6540 2884 6540 )
(2 3041 6544 2884 6540 )
(2 2344 6701 2344 6619 )
(2 2344 6533 2344 6619 )
(2 1969 6716 1969 6848 )
(2 1969 7013 1969 6848 )
(2 1849 6713 1849 6652 )
(2 1849 6529 1849 6652 )
(2 1605 6649 1849 6652 )
(2 1969 6716 1972 6623 )
(2 1972 6529 1972 6623 )
(2 0986 7005 0862 7005 )
(2 0742 7001 0862 7005 )
(2 1845 7013 1721 7009 )
(2 1597 7009 1721 7009 )
(2 1845 7256 1717 7256 )
(2 1597 7253 1717 7256 )
(2 1965 7260 1965 7140 )
(2 1969 7013 1965 7140 )
(2 1845 7256 1845 7133 )
(2 1845 7013 1845 7133 )
(2 1841 7500 1845 7380 )
(2 1845 7256 1845 7380 )
(2 1534 7253 1534 7388 )
(2 1597 7496 1534 7496 )
(2 1534 7388 1534 7496 )
(2 1597 7496 1597 7376 )
(2 1597 7253 1597 7376 )
(2 0982 7492 0982 7373 )
(2 0982 7249 0982 7373 )
(2 0982 7249 1084 7249 )
(2 1185 7249 1084 7249 )
(2 0982 7492 1076 7492 )
(2 1185 7492 1076 7492 )
(2 1185 7492 1185 7380 )
(2 1185 7249 1185 7380 )
(2 3045 5561 2745 5558 )
(2 2576 5291 2572 5558 )
(2 2745 5558 2572 5558 )
(2 2347 5554 2467 5554 )
(2 2572 5558 2467 5554 )
(2 2572 5936 2572 5715 )
(2 2572 5558 2572 5715 )
(2 1489 5786 1489 5899 )
(2 1489 6034 1489 5899 )
(2 1241 5288 1144 5288 )
(2 0997 5048 0997 5160 )
(2 0817 5051 0971 5288 )
(2 0971 5288 0960 5288 )
(2 0960 5288 0769 5284 )
(2 0506 5051 0502 5164 )
(2 0769 5284 0502 5164 )
(2 0502 5164 0379 5164 )
(2 0259 5051 0259 5164 )
(2 0379 5164 0259 5164 )
(2 0499 5535 0502 5288 )
(2 0502 5164 0502 5288 )
(2 0259 5164 0259 5314 )
(2 0255 5779 0255 5647 )
(2 0259 5314 0255 5647 )
(2 0007 5779 0007 5588 )
(2 1537 7009 1432 7009 )
(2 1541 6709 1429 6709 )
(2 1541 6649 1425 6649 )
(2 1545 6281 1425 6277 )
(2 2977 7024 3019 6784 )
(2 3041 6544 3019 6784 )
(2 2977 7024 2745 7275 )
(2 2520 7511 2745 7275 )
(2 2603 7579 2677 7575 )
(2 2603 7579 2786 7399 )
(2 2677 7575 2801 7575 )
(2 2659 7834 2779 7766 )
(2 2190 7834 2370 7770 )
(2 2603 7579 2370 7770 )
(2 2449 7879 2452 7766 )
(2 2134 7755 2089 7897 )
(2 1999 7867 2089 7897 )
(2 2040 7755 2040 7714 )
(2 2115 7669 2040 7714 )
(2 1999 7755 1999 7740 )
(2 1972 7755 1999 7740 )
(2 2040 7714 1999 7740 )
(2 2287 7568 2231 7601 )
(2 2231 7568 2231 7601 )
(2 2115 7669 2231 7601 )
(2 1961 7628 1961 7699 )
(2 1961 7763 1961 7699 )
(2 1597 7129 1721 7133 )
(2 1845 7133 1721 7133 )
(2 1440 7496 1500 7496 )
(2 1534 7496 1500 7496 )
(2 0982 7125 0851 7125 )
(2 0739 7121 0851 7125 )
(2 0000 6998 0007 7039 )
(2 0221 7166 0007 7039 )
(2 0221 7166 0364 7320 )
(2 0487 8100 0487 7980 )
(2 0487 8100 0712 8104 )
(2 0634 8003 0712 8104 )
(2 0484 8224 0731 8227 )
(2 0821 8486 0930 8377 )
(2 0225 9214 0367 9000 )
(2 0480 8891 0367 9000 )
(2 1057 8336 1035 8269 )
(2 1057 8336 1121 8400 )
(2 1132 8490 1151 8434 )
(2 1121 8400 1151 8434 )
(2 1035 8269 1073 8231 )
(2 1151 8434 1215 8374 )
(2 1073 8231 1189 8227 )
(2 1073 8231 1031 8227 )
(2 1073 8231 1140 8168 )
(2 0056 8003 0150 7763 )
(2 0150 7763 0169 7714 )
(2 0007 7039 0000 7121 )
(2 0000 7181 0000 7121 )
(2 0784 9210 0960 9210 )
(2 1009 10500 0810 10500 )
(2 0690 10500 0810 10500 )
(2 0690 10252 0810 10256 )
(2 1012 10256 0855 10256 )
(2 0810 10256 0855 10256 )
(2 1012 10256 0960 10016 )
(2 0772 9964 0960 10016 )
(2 0776 9832 0956 9832 )
(2 1114 9877 0956 9832 )
(2 0960 10016 0956 9832 )
(2 1020 9574 0960 9574 )
(2 0780 9578 0960 9574 )
(2 0960 9210 0960 9398 )
(2 0960 9574 0960 9398 )
(2 1073 9574 1114 9210 )
(2 1117 8812 1114 9210 )
(2 0960 9210 1114 9210 )
(2 1357 9210 1204 9210 )
(2 1114 9210 1204 9210 )
(2 1073 8730 0964 8730 )
(2 0784 8730 0964 8730 )
(2 0967 8614 0964 8730 )
(2 0982 8396 0975 8449 )
(1 0975 8449 0949 8404 )
(2 1132 8490 1009 8490 )
(1 0975 8449 1009 8490 )
(2 0930 8377 0941 8363 )
(1 0949 8404 0941 8363 )
(2 1035 8269 0979 8325 )
(2 0941 8363 0979 8325 )
(1 0982 8396 0979 8325 )
(2 1031 8227 0990 8227 )
(1 1001 8171 0990 8227 )
(1 0979 8325 0990 8227 )
(2 0731 8227 0967 8227 )
(2 0990 8227 0967 8227 )
(1 0941 8363 0967 8227 )
(2 0712 8104 0979 8062 )
(1 1774 8318 1916 8246 )
(1 2040 8175 1916 8246 )
(2 1927 8453 2025 8400 )
(2 1916 8246 1935 8276 )
(1 2059 8209 1935 8276 )
(1 1792 8351 1935 8276 )
(2 2362 8276 2426 8235 )
(2 2426 8235 2767 8119 )
(2 2452 8363 2449 8422 )
(2 2452 8482 2449 8422 )
(2 1927 8453 2059 8482 )
(2 1954 8723 2062 8726 )
(2 0960 9210 0964 8963 )
(2 0964 8730 0964 8963 )
(2 1942 9709 2179 9713 )
(2 2438 9716 2179 9713 )
(2 2194 9221 2197 9026 )
(2 2441 8842 2434 8873 )
(2 0469 9825 0465 9964 )
(2 0405 10005 0465 9964 )
(2 0694 9964 0465 9964 )
(2 0810 10500 0810 10290 )
(2 0810 10256 0810 10290 )
(2 1860 5119 1856 5141 )
(2 1856 5141 1826 5186 )
(2 1860 5119 1849 5081 )
(2 2445 8959 2441 8910 )
(2 2520 8910 2441 8910 )
(2 2434 8873 2441 8910 )
(2 2520 8910 2764 9004 )
(2 2786 8933 2775 8959 )
(2 2764 9004 2775 8959 )
(2 2197 8955 2197 8726 )
(2 2257 8726 2197 8726 )
(2 2062 8726 2197 8726 )
(2 2197 8479 2197 8482 )
(2 2059 8482 2197 8482 )
(2 2175 8318 2220 8359 )
(2 2362 8363 2220 8359 )
(2 2452 8482 2231 8482 )
(2 2197 8482 2231 8482 )
(2 2220 8359 2231 8482 )
(2 2197 8726 2197 8550 )
(2 2197 8482 2197 8550 )
(2 2231 8482 2197 8550 )
(2 2197 8479 2145 8336 )
(2 2175 8318 2145 8336 )
(2 2025 8400 2145 8336 )
(2 1999 7867 1999 7841 )
(2 1999 7755 1999 7793 )
(2 1999 7841 1999 7793 )
(2 1961 7800 1961 7793 )
(2 1961 7763 1961 7793 )
(2 1999 7793 1961 7793 )
(2 1702 7496 1702 7582 )
(2 1597 7496 1594 7582 )
(1 1702 7582 1594 7582 )
(2 1530 7620 1530 7582 )
(2 1534 7496 1530 7582 )
(1 1594 7582 1530 7582 )
(2 1594 7582 1594 7620 )
(1 1530 7620 1594 7620 )
(2 1699 7706 1702 7624 )
(2 1702 7582 1702 7624 )
(1 1781 7669 1702 7624 )
(1 1594 7620 1702 7624 )
(2 1530 7680 1594 7680 )
(2 1594 7706 1594 7680 )
(2 1594 7620 1594 7680 )
(2 1380 7785 1357 7751 )
(2 1357 7751 1384 7736 )
(2 1384 7736 1414 7680 )
(1 1417 7575 1414 7680 )
(2 1357 7751 1346 7703 )
(2 1185 7129 1294 7129 )
(2 1294 7249 1294 7129 )
(2 1537 7129 1504 7129 )
(2 1294 7129 1504 7129 )
(2 1432 7009 1324 7009 )
(1 1324 6934 1324 7009 )
(2 1425 6649 1327 6649 )
(1 1327 6619 1327 6649 )
(2 1237 6645 1297 6645 )
(2 1327 6649 1297 6645 )
(1 1297 6623 1297 6645 )
(2 1230 7005 1294 7009 )
(2 1294 7129 1294 7009 )
(2 1324 7009 1294 7009 )
(1 1294 6934 1294 7009 )
(2 1429 6709 1324 6709 )
(1 1327 6649 1324 6709 )
(1 1324 6739 1324 6709 )
(2 1234 6705 1297 6705 )
(2 1324 6709 1297 6705 )
(1 1297 6742 1297 6705 )
(1 1297 6645 1297 6705 )
(2 1425 6277 1331 6277 )
(1 1331 6053 1331 6277 )
(1 1327 6525 1331 6277 )
(2 1237 6277 1297 6277 )
(2 1331 6277 1297 6277 )
(1 1301 6067 1297 6277 )
(2 1489 6034 1331 6030 )
(1 1331 5993 1331 6030 )
(1 1331 6053 1331 6030 )
(2 1237 6030 1301 6030 )
(2 1331 6030 1301 6030 )
(1 1301 6067 1301 6030 )
(1 1301 5996 1301 6030 )
(2 1237 5794 1301 5786 )
(1 1301 5996 1301 5786 )
(2 1489 5786 1331 5786 )
(2 1301 5786 1331 5786 )
(1 1331 5993 1331 5786 )
(2 1301 5171 1331 5171 )
(2 1492 5171 1331 5171 )
(1 1320 5220 1331 5171 )
(1 0960 7586 0967 7639 )
(1 0930 7549 0967 7639 )
(2 1192 7545 1035 7605 )
(2 0979 7643 0979 7650 )
(2 1035 7605 0979 7650 )
(2 1189 7661 1125 7661 )
(1 0979 7736 0975 7703 )
(1 0967 7639 0975 7703 )
(2 1125 7661 0990 7703 )
(2 0975 7703 0990 7703 )
(1 0979 7650 0990 7703 )
(2 1350 7492 1346 7680 )
(2 1346 7703 1346 7680 )
(2 1346 7680 1260 7673 )
(2 1530 7680 1477 7680 )
(2 1414 7680 1477 7680 )
(2 1189 7661 1222 7673 )
(2 1260 7673 1222 7673 )
(2 1222 7673 1222 7751 )
(2 1346 7680 1380 7680 )
(2 1192 7924 1084 7860 )
(1 1110 7920 1054 7909 )
(2 1144 7939 1174 7954 )
(2 1192 7924 1174 7954 )
(1 0990 7703 0997 7744 )
(1 1016 7819 0997 7744 )
(2 0907 7811 0975 7811 )
(1 0975 7883 0975 7811 )
(1 0979 7736 0975 7811 )
(2 0712 7755 0855 7811 )
(2 0907 7811 0855 7811 )
(1 0754 7770 0855 7811 )
(1 0979 8062 0979 7946 )
(1 0814 7845 0979 7946 )
(1 0975 7883 0979 7946 )
(2 1084 8047 1009 8055 )
(2 0979 8062 1009 8055 )
(1 1001 8171 1009 8055 )
(1 1106 7946 1039 7946 )
(1 1009 8055 1039 7946 )
(2 1054 7909 1039 7901 )
(2 1039 7946 1039 7901 )
(2 1084 7860 1039 7834 )
(2 1016 7819 1039 7834 )
(2 1039 7901 1039 7834 )
(2 1016 7819 1001 7811 )
(2 1039 7901 1001 7811 )
(2 0975 7811 0994 7811 )
(2 1001 7811 0994 7811 )
(1 0997 7744 0994 7811 )
(1 1012 7901 0994 7811 )
(2 0967 8227 0967 8224 )
(1 0982 8179 0967 8224 )
(1 0979 8062 0967 8224 )
(2 0821 8486 0971 8486 )
(2 0967 8614 0971 8486 )
(2 1009 8490 0971 8486 )
(2 0975 8449 0971 8479 )
(2 0971 8486 0971 8479 )
(1 0949 8404 0971 8479 )
(2 0971 5288 0994 5400 )
(1 0960 5288 0814 5051 )
(1 0769 5036 0814 5051 )
(2 2801 7575 2917 7575 )
(2 2917 7575 2917 7635 )
(2 2779 7766 2917 7688 )
(2 2917 7635 2917 7688 )
(2 2917 7688 2947 7673 )
(2 2452 7766 2550 7766 )
(1 2557 7718 2550 7766 )
(1 2550 7766 2550 7729 )
(1 2644 7643 2550 7729 )
(1 2524 7650 2550 7729 )
(2 1144 5288 0994 5288 )
(2 0997 5160 0994 5288 )
(2 0971 5288 0994 5288 )
(2 0994 5400 0994 5288 )
(2 0994 5535 0994 5509 )
(2 0994 5400 0994 5509 )
(1 0960 5288 0994 5509 )
(2 2190 7834 2182 7957 )
(2 2212 7957 2182 7957 )
(2 2216 8074 2182 7957 )
(2 0476 7755 0487 7864 )
(2 0487 7980 0487 7864 )
(2 0634 8003 0487 7864 )
(2 0150 7763 0487 7864 )
(2 1237 6277 1237 6150 )
(2 1237 6030 1237 6150 )
(2 1545 6281 1545 6173 )
(2 1545 6038 1545 6173 )
(2 1609 6281 1609 6143 )
(2 1609 6038 1609 6143 )
(2 1237 6525 1151 6521 )
(2 0990 6521 1151 6521 )
(2 1605 6525 1605 6416 )
(2 1609 6281 1605 6416 )
(2 1972 6529 1972 6405 )
(2 1976 6281 1972 6405 )
(2 2347 6041 2344 6135 )
(2 2344 6285 2344 6135 )
(2 2745 7020 2595 7016 )
(2 2460 7016 2595 7016 )
(2 1980 7406 2002 7380 )
(2 2062 7260 2002 7380 )
(2 2014 7526 2040 7639 )
(2 2040 7714 2040 7639 )
(2 0982 7125 1095 7125 )
(2 1185 7129 1095 7125 )
(1 1432 7751 1489 7819 )
(1 1522 7879 1489 7819 )
(2 1357 7751 1260 7811 )
(2 1222 7751 1260 7811 )
(2 1144 7939 1151 7928 )
(2 1234 6705 1121 6705 )
(2 0986 6705 1121 6705 )
(2 2441 9420 2441 9326 )
(2 2441 9225 2441 9326 )
(2 1545 9701 1485 9701 )
(2 1350 9701 1485 9701 )
(2 0956 9832 0956 9701 )
(2 0960 9574 0956 9701 )
(2 0202 10252 0450 10252 )
(2 0690 10252 0450 10252 )
(1 1091 8790 1069 8621 )
(1 1009 8490 1069 8621 )
(1 1384 5051 1320 5111 )
(1 1279 5033 1320 5111 )
(1 1320 5220 1320 5111 )
(2 1084 8047 1132 8044 )
(2 1414 7680 1410 7680 )
(2 1380 7680 1410 7680 )
(1 1395 7639 1410 7680 )
(2 1432 7751 1444 7740 )
(2 1530 7706 1444 7740 )
(1 1421 7646 1432 7703 )
(1 1519 7613 1432 7703 )
(1 1444 7740 1432 7703 )
(2 2194 9221 2321 9225 )
(2 2441 9225 2321 9225 )
(2 2321 9225 2321 9041 )
(2 2977 7024 3075 7024 )
(2 3150 5989 3097 5989 )
(2 2962 6022 3097 5989 )
(1 2884 8977 2910 8996 )
(1 2895 8981 2910 8989 )
(2 2951 8805 2910 8805 )
(2 2812 8801 2910 8805 )
(2 2850 8494 2914 8498 )
(2 2857 8370 2917 8374 )
(2 2767 8119 2917 8003 )
(1 2644 7643 2925 7406 )
(2 2786 7399 2929 7241 )
(2 1136 7954 1132 8014 )
(2 1174 7954 1132 8014 )
(2 1132 8044 1132 8014 )
(2 1189 8227 1267 8152 )
(2 1215 8374 1350 8239 )
(2 1350 8239 1354 8235 )
(2 1436 8156 1376 8213 )
(2 1354 8235 1376 8213 )
(2 1406 8126 1350 8183 )
(2 1376 8213 1350 8183 )
(2 1267 8152 1294 8126 )
(2 1294 8126 1309 8141 )
(1 1350 8183 1350 8183 )
(1 1084 8520 1350 8183 )
(2 1140 8168 1211 8096 )
(2 1294 8018 1241 8070 )
(2 1211 8096 1241 8070 )
(2 1241 8070 1226 8047 )
(2 1132 8044 1162 8044 )
(2 1226 8047 1162 8044 )
(2 1406 8126 1470 8089 )
(2 1556 8085 1534 8051 )
(2 1515 8018 1534 8051 )
(2 1470 8089 1534 8051 )
(1 1069 8621 1324 8156 )
(2 1350 8183 1324 8156 )
(2 1309 8141 1324 8156 )
(1 1324 8156 1324 8156 )
(2 1324 8044 1267 8096 )
(2 1294 8126 1267 8096 )
(2 1241 8070 1267 8096 )
(2 1267 8096 1192 8029 )
(2 1267 8152 1260 8149 )
(2 1211 8096 1260 8149 )
(2 1260 8149 1192 8047 )
(2 1211 8096 1208 8093 )
(2 1162 8044 1208 8093 )
(2 1192 8047 1208 8093 )
(2 1192 8047 1189 8029 )
(2 1376 8100 1342 8134 )
(2 1324 8156 1342 8134 )
(2 1241 7864 1222 7834 )
(2 1189 7661 1222 7834 )
(2 1260 7811 1222 7834 )
(2 1151 7928 1222 7834 )
(2 1350 8074 1316 8107 )
(2 1294 8126 1316 8107 )
(2 1324 8044 1402 7995 )
(2 1455 7920 1474 7954 )
(2 1496 7988 1474 7954 )
(2 1545 7912 1474 7954 )
(2 1402 7995 1474 7954 )
(2 1609 7875 1575 7894 )
(2 1545 7912 1575 7894 )
(2 1350 8239 1335 8224 )
(2 1267 8152 1335 8224 )
(2 1312 8171 1335 8224 )
(2 2764 6045 2805 5940 )
(2 2962 6022 2805 5940 )
(2 2756 5936 2805 5940 )
(1 1012 7909 0975 7931 )
(1 0960 7931 0975 7931 )
(2 2355 8884 2321 8977 )
(2 2321 9041 2321 8977 )
(1 1856 7620 1837 7669 )
(1 1867 7789 1837 7669 )
(1 0862 7860 0945 7897 )
(1 1061 7920 0945 7897 )
(1 0937 7883 0975 7875 )
(1 0982 7856 0975 7875 )
(2 0461 7721 0191 7732 )
(2 0169 7714 0191 7732 )
(1 1057 7924 0956 7909 )
(1 0960 7931 0844 7860 )
(1 0956 7909 0844 7860 )
(1 0735 7766 0844 7860 )
(1 1702 7598 1740 7601 )
(1 1826 7710 1740 7601 )
(1 1837 7669 1740 7601 )
(2 2197 8966 2197 8977 )
(2 2197 9026 2197 8977 )
(2 2321 8977 2197 8977 )
